Software Version: 1.0.38.17

14/03/2024 12:01:09 PM:806 Association Request COM3:115200

0D EC 05 08 13 01 00 16 01 02 80 00 14 02 00 02 
C1 DC 31 80 A0 80 80 01 01 00 00 A2 80 A0 03 00 
00 01 A4 80 30 80 02 01 01 06 04 52 01 00 01 30 
80 06 02 51 01 00 00 00 00 30 80 02 01 02 06 0C 
2A 86 48 CE 14 02 01 00 00 00 01 01 30 80 06 0C 
2A 86 48 CE 14 02 01 00 00 00 02 01 00 00 00 00 
00 00 61 80 30 80 02 01 01 A0 80 60 80 A1 80 06 
0C 2A 86 48 CE 14 02 01 00 00 00 03 01 00 00 BE 
80 28 80 06 0C 2A 86 48 CE 14 02 01 00 00 00 01 
01 02 01 02 81 48 80 00 00 00 40 00 00 00 00 00 
00 00 80 00 00 00 20 00 00 00 00 00 00 00 00 01 
00 2C 00 01 00 28 80 00 00 00 00 0F DE 80 00 00 
30 00 00 00 30 00 00 00 00 00 60 00 00 00 00 01 
00 0C F0 01 00 08 88 00 00 00 00 00 00 00 00 00 
00 00 00 00 00 00 00 00 00 00 00 00 00 00 


14/03/2024 12:01:10 PM:568 Association Response COM3:115200

0E CE 05 08 13 01 00 16 01 02 80 00 14 02 00 02 
C1 BE 31 80 A0 80 80 01 01 00 00 A2 80 A0 03 00 
00 01 A5 80 30 80 80 01 00 81 02 51 01 00 00 30 
80 80 01 00 81 0C 2A 86 48 CE 14 02 01 00 00 00 
02 01 00 00 00 00 61 80 30 80 02 01 01 A0 80 61 
80 A1 80 06 0C 2A 86 48 CE 14 02 01 00 00 00 03 
01 00 00 A2 03 02 01 00 A3 05 A1 03 02 01 00 BE 
80 28 80 02 01 02 81 48 80 00 00 00 40 00 00 00 
00 00 00 00 00 80 00 00 80 00 00 00 00 00 00 00 
00 01 00 2C 00 01 00 28 80 00 00 00 00 0F DE 80 
00 00 03 E4 00 00 03 E4 FF FF FF FF 60 00 00 00 
00 01 00 0C F0 01 00 08 88 00 00 00 00 00 00 00 
00 00 00 00 00 00 00 00 00 00 00 00 00 00 00 00 


14/03/2024 12:01:10 PM:571 MDS Create Event COM3:115200

E1 00 00 02 00 01 01 12 00 01 00 01 01 0C 00 21 
00 00 00 00 00 E8 4D 00 0D 06 00 FE 00 21 00 00 
00 00 00 11 00 F4 09 84 00 08 00 06 00 09 FB 70 
D3 5B 09 86 00 04 00 01 11 4D 09 1D 00 02 01 D6 
09 28 00 12 00 08 50 68 69 6C 69 70 73 00 00 06 
4D 38 30 30 30 00 09 48 00 04 00 01 00 00 09 37 
00 08 06 6E 06 6E 00 01 00 0B 09 46 00 02 20 00 
09 0D 00 02 00 02 09 35 00 02 00 01 09 82 00 02 
00 02 09 0C 00 02 00 00 F1 FA 00 14 00 01 00 10 
00 01 00 0C 00 06 00 00 86 2B 00 06 00 00 86 2B 
09 A7 00 02 00 06 09 1E 00 24 00 22 00 00 00 00 
00 00 00 00 00 00 00 00 00 00 00 00 00 00 00 00 
00 00 00 00 00 00 00 00 00 00 00 00 00 00 09 87 
00 08 20 24 03 14 12 11 25 00 09 8F 00 04 00 E8 
4D 00 09 85 00 34 00 01 00 30 01 02 00 2C 00 05 
00 28 00 01 00 21 00 00 00 01 00 01 00 06 00 00 
01 19 00 01 00 09 00 00 00 4C 00 01 00 2A 00 00 
00 01 00 01 00 36 00 00 00 01 


14/03/2024 12:01:10 PM:571 MDS Create Event Result COM3:115200

E1 00 00 02 00 02 00 14 00 01 00 01 00 0E 00 21 
00 00 00 00 00 0A BD 00 0D 06 00 00 


14/03/2024 12:01:11 PM:857 SinglePollDataRequest COM3:115200
Pollround: 1

E1 00 00 02 00 01 00 1C 00 01 00 07 00 16 00 21 
00 00 00 00 00 00 00 00 0C 16 00 08 00 01 00 01 
00 21 00 00 


14/03/2024 12:01:13 PM:133 SinglePollDataResult COM3:115200

E1 00 00 02 00 02 01 C0 00 01 00 07 01 BA 00 21 
00 00 00 00 0C 16 01 B0 00 01 00 E8 9C 00 FF FF 
FF FF FF FF FF FF 00 01 00 21 00 00 00 01 01 98 
00 00 00 01 01 92 00 00 00 13 01 8C 09 46 00 02 
20 00 09 0D 00 02 00 02 09 35 00 02 00 01 09 82 
00 02 00 02 09 0C 00 02 00 00 F1 FA 00 14 00 01 
00 10 00 01 00 0C 00 06 00 00 86 2B 00 06 00 00 
86 2B 09 A7 00 02 00 06 09 84 00 08 00 06 00 09 
FB 70 D3 5B 09 1E 00 24 00 22 00 00 00 00 00 00 
00 00 00 00 00 00 00 00 00 00 00 00 00 00 00 00 
00 00 00 00 00 00 00 00 00 00 00 00 09 87 00 08 
20 24 03 14 12 11 28 00 09 8F 00 04 00 E8 9C 00 
09 86 00 04 00 01 11 4D 09 1D 00 02 01 D6 09 21 
00 02 00 00 09 28 00 12 00 08 50 68 69 6C 69 70 
73 00 00 06 4D 38 30 30 30 00 09 2D 00 8E 00 08 
00 8A 00 01 00 08 00 0A 44 45 38 31 31 30 31 38 
31 33 00 02 00 08 00 0E 4D 32 37 30 35 41 00 00 
00 00 00 00 00 00 00 02 00 58 00 0E 53 2D 4D 32 
37 30 33 2D 31 35 30 31 41 20 00 04 00 58 00 08 
4C 2E 33 33 2E 36 35 20 00 02 00 10 00 0E 53 2D 
4D 32 37 30 33 2D 31 34 30 31 41 20 00 04 00 10 
00 08 4C 2E 33 33 2E 36 35 20 00 02 00 18 00 0E 
53 2D 4D 38 30 30 30 2D 31 33 30 31 41 20 00 04 
00 18 00 08 41 2E 31 36 2E 33 33 00 09 85 00 34 
00 01 00 30 01 02 00 2C 00 05 00 28 00 01 00 21 
00 00 00 01 00 01 00 06 00 00 01 19 00 01 00 09 
00 00 00 4C 00 01 00 2A 00 00 00 01 00 01 00 36 
00 00 00 01 09 48 00 04 00 01 00 00 09 37 00 08 
06 6E 06 6E 00 01 00 0B 


14/03/2024 12:01:14 PM:209 SinglePollDataRequest COM3:115200
Pollround: 1

E1 00 00 02 00 01 00 1C 00 02 00 07 00 16 00 21 
00 00 00 00 00 00 00 00 0C 16 00 08 00 02 00 01 
00 36 00 00 


14/03/2024 12:01:16 PM:178 SinglePollDataResult COM3:115200

E1 00 00 02 00 02 00 A4 00 02 00 07 00 9E 00 21 
00 00 00 00 0C 16 00 94 00 02 00 E8 FC 00 FF FF 
FF FF FF FF FF FF 00 01 00 36 00 00 00 01 00 7C 
00 00 00 01 00 76 00 00 00 05 00 70 09 21 00 02 
00 00 09 2F 00 04 00 01 00 36 09 16 00 0A 01 04 
04 03 00 00 00 02 00 02 09 02 00 04 00 00 00 00 
09 04 00 48 00 01 00 44 F1 A6 1A 27 00 02 00 00 
00 02 00 00 85 D3 02 04 00 32 00 00 81 4C 04 05 
00 00 78 00 00 26 00 50 00 61 00 70 00 65 00 72 
00 20 00 45 00 6E 00 64 00 20 00 20 00 20 00 20 
00 20 00 20 00 20 00 20 00 20 00 00 


14/03/2024 12:01:16 PM:776 SinglePollDataRequest COM3:115200
Pollround: 1

E1 00 00 02 00 01 00 1C 00 03 00 07 00 16 00 21 
00 00 00 00 00 00 00 00 0C 16 00 08 00 03 00 01 
00 06 00 00 


14/03/2024 12:01:18 PM:287 SinglePollDataResult COM3:115200

E1 00 00 02 00 02 03 78 00 03 00 07 03 72 00 21 
00 00 00 00 0C 16 03 68 00 03 00 E9 3C 00 FF FF 
FF FF FF FF FF FF 00 01 00 06 00 00 00 01 03 50 
00 00 00 0A 03 4A 84 D3 00 08 00 54 09 21 00 02 
84 D3 09 2F 00 04 00 01 00 06 09 3F 00 0C 00 00 
01 00 00 01 22 80 00 00 00 00 09 24 00 04 81 4C 
54 32 09 27 00 10 00 0E 00 64 00 46 00 48 00 52 
00 31 00 20 00 00 09 17 00 02 03 00 09 11 00 02 
00 0B 09 50 00 0A F0 CF 04 00 0A A0 FE 00 32 64 
85 33 00 08 00 54 09 21 00 02 85 33 09 2F 00 04 
00 01 00 06 09 3F 00 0C 00 00 20 00 00 01 42 28 
00 00 00 00 09 24 00 04 00 02 F0 D4 09 27 00 10 
00 0E 00 54 00 6F 00 63 00 6F 00 20 00 20 00 00 
09 17 00 02 03 00 09 11 00 02 00 02 09 50 00 0A 
F0 D4 04 00 02 00 FF 00 00 E2 86 25 00 09 00 5A 
09 21 00 02 86 25 09 2F 00 04 00 01 00 06 09 3F 
00 0C 00 00 20 00 00 01 42 28 00 00 00 00 09 24 
00 04 00 02 4B B8 09 27 00 10 00 0E 00 53 00 70 
00 4F 20 82 00 20 00 20 00 00 09 17 00 02 03 00 
09 11 00 02 00 06 F0 08 00 02 06 D1 09 50 00 0A 
4B B8 04 00 02 20 FF 00 03 B6 86 2B 00 07 00 4E 
09 21 00 02 86 2B 09 2F 00 04 00 01 00 06 09 3F 
00 0C 00 00 20 00 00 01 42 28 00 00 00 00 09 24 
00 04 00 02 48 22 09 27 00 10 00 0E 00 50 00 75 
00 6C 00 73 00 65 00 20 00 00 09 11 00 02 00 06 
09 50 00 0A 48 22 04 00 0A A0 00 00 00 3C 86 2F 
00 08 00 54 09 21 00 02 86 2F 09 2F 00 04 00 01 
00 06 09 3F 00 0C 00 00 20 00 00 01 42 28 00 00 
00 00 09 24 00 04 00 02 4B B0 09 27 00 10 00 0E 
00 50 00 65 00 72 00 66 00 20 00 20 00 00 09 17 
00 02 02 01 09 11 00 02 00 06 09 50 00 0A 4B B0 
04 00 02 00 FF 00 00 64 86 4A 00 0A 00 82 09 21 
00 02 86 4A 09 2F 00 04 00 01 00 06 09 3F 00 0C 
00 00 20 00 00 01 52 28 01 03 00 00 09 24 00 04 
00 02 4A 04 09 27 00 10 00 0E 00 4E 00 42 00 50 
00 20 00 20 00 20 00 00 09 11 00 02 00 01 09 90 
00 08 20 24 03 14 12 11 10 00 F2 37 00 04 FF FF 
FF FF F9 98 00 04 00 E6 7B 00 09 4B 00 22 00 03 
00 1E 4A 05 04 00 0F 20 00 00 00 78 4A 06 04 00 
0F 20 00 00 00 50 4A 07 04 00 0F 20 00 00 00 5A 
86 78 00 05 00 3A 09 21 00 02 86 78 09 2F 00 04 
00 01 00 06 09 3F 00 0C 00 00 20 00 00 01 42 28 
01 03 00 00 09 24 00 04 00 02 F0 EA 09 27 00 10 
00 0E 00 46 00 4D 00 50 00 20 00 20 00 20 00 00 
86 79 00 05 00 3A 09 21 00 02 86 79 09 2F 00 04 
00 01 00 06 09 3F 00 0C 00 00 20 00 00 01 42 28 
01 03 00 00 09 24 00 04 81 4C 54 13 09 27 00 10 
00 0E 00 46 00 4D 00 50 00 31 00 20 00 20 00 00 
86 7A 00 05 00 3A 09 21 00 02 86 7A 09 2F 00 04 
00 01 00 06 09 3F 00 0C 00 00 20 00 00 01 42 28 
01 03 00 00 09 24 00 04 81 4C 54 15 09 27 00 10 
00 0E 00 46 00 4D 00 50 00 32 00 20 00 20 00 00 
86 7B 00 05 00 3A 09 21 00 02 86 7B 09 2F 00 04 
00 01 00 06 09 3F 00 0C 00 00 20 00 00 01 42 28 
01 03 00 00 09 24 00 04 81 4C 54 17 09 27 00 10 
00 0E 00 46 00 4D 00 50 00 33 00 20 00 20 00 00 


14/03/2024 12:01:19 PM:21 SinglePollDataRequest COM3:115200
Pollround: 1

E1 00 00 02 00 01 00 1C 00 00 00 07 00 16 00 21 
00 00 00 00 00 00 00 00 0C 16 00 08 00 00 00 01 
00 2A 00 00 


14/03/2024 12:01:20 PM:289 SinglePollDataResult COM3:115200

E1 00 00 02 00 02 01 02 00 00 00 07 00 FC 00 21 
00 00 00 00 0C 16 00 F2 00 00 00 E9 7C 00 FF FF 
FF FF FF FF FF FF 00 01 00 2A 00 00 00 01 00 DA 
00 00 00 01 00 D4 00 50 00 19 00 CE 09 21 00 02 
00 50 09 57 00 02 00 08 0A 1A 00 02 00 00 F0 01 
00 0A 00 09 FB 70 D3 5B 1C 61 65 63 09 62 00 02 
00 01 0A 1E 00 02 00 00 09 5D 00 04 00 02 00 00 
09 5F 00 04 00 02 00 00 09 5C 00 04 00 02 00 00 
F2 D4 00 04 00 02 00 00 09 5A 00 04 00 02 00 00 
F2 E1 00 04 00 02 00 00 F1 29 00 04 00 02 00 00 
F1 2A 00 04 00 02 00 00 09 61 00 02 00 09 09 58 
00 08 00 00 00 00 00 00 00 00 09 D8 00 06 00 7F 
FF FF 09 40 09 DC 00 06 00 7F FF FF 05 11 09 DF 
00 06 00 7F FF FF 06 C3 09 56 00 06 00 7F FF FF 
05 C0 F1 EC 00 02 00 02 09 D9 00 06 00 7F FF FF 
08 E0 F3 8A 00 04 00 00 00 00 F2 E2 00 04 80 75 
20 95 F2 E3 00 04 80 8B 0D 98 


14/03/2024 12:01:21 PM:532 Get Priority List Request COM3:115200

E1 00 00 02 00 01 00 16 00 00 00 03 00 10 00 21 
00 00 00 00 00 00 00 00 00 01 00 02 F2 3A 


14/03/2024 12:01:22 PM:569 Get Priority List Response COM3:115200

E1 00 00 02 00 02 00 20 00 00 00 03 00 1A 00 21 
00 00 00 00 00 01 00 10 F2 3A 00 0C 00 02 00 08 
00 02 F0 D3 00 02 4B B4 


14/03/2024 12:01:23 PM:935 SinglePollDataRequest COM3:115200
Pollround: 2

E1 00 00 02 00 01 00 1C 00 01 00 07 00 16 00 21 
00 00 00 00 00 00 00 00 0C 16 00 08 00 01 00 01 
00 21 00 00 


14/03/2024 12:01:25 PM:423 SinglePollDataResult COM3:115200

E1 00 00 02 00 02 01 C0 00 01 00 07 01 BA 00 21 
00 00 00 00 0C 16 01 B0 00 01 00 EA 1C 00 FF FF 
FF FF FF FF FF FF 00 01 00 21 00 00 00 01 01 98 
00 00 00 01 01 92 00 00 00 13 01 8C 09 46 00 02 
20 00 09 0D 00 02 00 02 09 35 00 02 00 01 09 82 
00 02 00 02 09 0C 00 02 00 00 F1 FA 00 14 00 01 
00 10 00 01 00 0C 00 06 00 00 86 2B 00 06 00 00 
86 2B 09 A7 00 02 00 06 09 84 00 08 00 06 00 09 
FB 70 D3 5B 09 1E 00 24 00 22 00 00 00 00 00 00 
00 00 00 00 00 00 00 00 00 00 00 00 00 00 00 00 
00 00 00 00 00 00 00 00 00 00 00 00 09 87 00 08 
20 24 03 14 12 11 40 00 09 8F 00 04 00 EA 1C 00 
09 86 00 04 00 01 11 4D 09 1D 00 02 01 D6 09 21 
00 02 00 00 09 28 00 12 00 08 50 68 69 6C 69 70 
73 00 00 06 4D 38 30 30 30 00 09 2D 00 8E 00 08 
00 8A 00 01 00 08 00 0A 44 45 38 31 31 30 31 38 
31 33 00 02 00 08 00 0E 4D 32 37 30 35 41 00 00 
00 00 00 00 00 00 00 02 00 58 00 0E 53 2D 4D 32 
37 30 33 2D 31 35 30 31 41 20 00 04 00 58 00 08 
4C 2E 33 33 2E 36 35 20 00 02 00 10 00 0E 53 2D 
4D 32 37 30 33 2D 31 34 30 31 41 20 00 04 00 10 
00 08 4C 2E 33 33 2E 36 35 20 00 02 00 18 00 0E 
53 2D 4D 38 30 30 30 2D 31 33 30 31 41 20 00 04 
00 18 00 08 41 2E 31 36 2E 33 33 00 09 85 00 34 
00 01 00 30 01 02 00 2C 00 05 00 28 00 01 00 21 
00 00 00 01 00 01 00 06 00 00 01 19 00 01 00 09 
00 00 00 4C 00 01 00 2A 00 00 00 01 00 01 00 36 
00 00 00 01 09 48 00 04 00 01 00 00 09 37 00 08 
06 6E 06 6E 00 01 00 0B 


14/03/2024 12:01:26 PM:219 SinglePollDataRequest COM3:115200
Pollround: 2

E1 00 00 02 00 01 00 1C 00 02 00 07 00 16 00 21 
00 00 00 00 00 00 00 00 0C 16 00 08 00 02 00 01 
00 36 00 00 


14/03/2024 12:01:27 PM:448 SinglePollDataResult COM3:115200

E1 00 00 02 00 02 00 A4 00 02 00 07 00 9E 00 21 
00 00 00 00 0C 16 00 94 00 02 00 EA 5C 00 FF FF 
FF FF FF FF FF FF 00 01 00 36 00 00 00 01 00 7C 
00 00 00 01 00 76 00 00 00 05 00 70 09 21 00 02 
00 00 09 2F 00 04 00 01 00 36 09 16 00 0A 01 04 
04 03 00 00 00 02 00 02 09 02 00 04 00 00 00 00 
09 04 00 48 00 01 00 44 F1 A6 1A 27 00 02 00 00 
00 02 00 00 85 D3 02 04 00 32 00 00 81 4C 04 05 
00 00 78 00 00 26 00 50 00 61 00 70 00 65 00 72 
00 20 00 45 00 6E 00 64 00 20 00 20 00 20 00 20 
00 20 00 20 00 20 00 20 00 20 00 00 


14/03/2024 12:01:28 PM:650 SinglePollDataRequest COM3:115200
Pollround: 2

E1 00 00 02 00 01 00 1C 00 03 00 07 00 16 00 21 
00 00 00 00 00 00 00 00 0C 16 00 08 00 03 00 01 
00 06 00 00 


14/03/2024 12:01:30 PM:578 SinglePollDataResult COM3:115200

E1 00 00 02 00 02 03 78 00 03 00 07 03 72 00 21 
00 00 00 00 0C 16 03 68 00 03 00 EA BC 00 FF FF 
FF FF FF FF FF FF 00 01 00 06 00 00 00 01 03 50 
00 00 00 0A 03 4A 84 D3 00 08 00 54 09 21 00 02 
84 D3 09 2F 00 04 00 01 00 06 09 3F 00 0C 00 00 
01 00 00 01 22 80 00 00 00 00 09 24 00 04 81 4C 
54 32 09 27 00 10 00 0E 00 64 00 46 00 48 00 52 
00 31 00 20 00 00 09 17 00 02 03 00 09 11 00 02 
00 0B 09 50 00 0A F0 CF 04 00 0A A0 FE 00 36 7E 
85 33 00 08 00 54 09 21 00 02 85 33 09 2F 00 04 
00 01 00 06 09 3F 00 0C 00 00 20 00 00 01 42 28 
00 00 00 00 09 24 00 04 00 02 F0 D4 09 27 00 10 
00 0E 00 54 00 6F 00 63 00 6F 00 20 00 20 00 00 
09 17 00 02 03 00 09 11 00 02 00 02 09 50 00 0A 
F0 D4 04 00 02 00 FF 00 00 BE 86 25 00 09 00 5A 
09 21 00 02 86 25 09 2F 00 04 00 01 00 06 09 3F 
00 0C 00 00 20 00 00 01 42 28 00 00 00 00 09 24 
00 04 00 02 4B B8 09 27 00 10 00 0E 00 53 00 70 
00 4F 20 82 00 20 00 20 00 00 09 17 00 02 03 00 
09 11 00 02 00 06 F0 08 00 02 06 D1 09 50 00 0A 
4B B8 04 00 02 20 FF 00 03 B6 86 2B 00 07 00 4E 
09 21 00 02 86 2B 09 2F 00 04 00 01 00 06 09 3F 
00 0C 00 00 20 00 00 01 42 28 00 00 00 00 09 24 
00 04 00 02 48 22 09 27 00 10 00 0E 00 50 00 75 
00 6C 00 73 00 65 00 20 00 00 09 11 00 02 00 06 
09 50 00 0A 48 22 04 00 0A A0 00 00 00 3C 86 2F 
00 08 00 54 09 21 00 02 86 2F 09 2F 00 04 00 01 
00 06 09 3F 00 0C 00 00 20 00 00 01 42 28 00 00 
00 00 09 24 00 04 00 02 4B B0 09 27 00 10 00 0E 
00 50 00 65 00 72 00 66 00 20 00 20 00 00 09 17 
00 02 02 01 09 11 00 02 00 06 09 50 00 0A 4B B0 
04 00 02 00 FF 00 00 64 86 4A 00 0A 00 82 09 21 
00 02 86 4A 09 2F 00 04 00 01 00 06 09 3F 00 0C 
00 00 20 00 00 01 52 28 01 03 00 00 09 24 00 04 
00 02 4A 04 09 27 00 10 00 0E 00 4E 00 42 00 50 
00 20 00 20 00 20 00 00 09 11 00 02 00 01 09 90 
00 08 20 24 03 14 12 11 10 00 F2 37 00 04 FF FF 
FF FF F9 98 00 04 00 E6 7B 00 09 4B 00 22 00 03 
00 1E 4A 05 04 00 0F 20 00 00 00 78 4A 06 04 00 
0F 20 00 00 00 50 4A 07 04 00 0F 20 00 00 00 5A 
86 78 00 05 00 3A 09 21 00 02 86 78 09 2F 00 04 
00 01 00 06 09 3F 00 0C 00 00 20 00 00 01 42 28 
01 03 00 00 09 24 00 04 00 02 F0 EA 09 27 00 10 
00 0E 00 46 00 4D 00 50 00 20 00 20 00 20 00 00 
86 79 00 05 00 3A 09 21 00 02 86 79 09 2F 00 04 
00 01 00 06 09 3F 00 0C 00 00 20 00 00 01 42 28 
01 03 00 00 09 24 00 04 81 4C 54 13 09 27 00 10 
00 0E 00 46 00 4D 00 50 00 31 00 20 00 20 00 00 
86 7A 00 05 00 3A 09 21 00 02 86 7A 09 2F 00 04 
00 01 00 06 09 3F 00 0C 00 00 20 00 00 01 42 28 
01 03 00 00 09 24 00 04 81 4C 54 15 09 27 00 10 
00 0E 00 46 00 4D 00 50 00 32 00 20 00 20 00 00 
86 7B 00 05 00 3A 09 21 00 02 86 7B 09 2F 00 04 
00 01 00 06 09 3F 00 0C 00 00 20 00 00 01 42 28 
01 03 00 00 09 24 00 04 81 4C 54 17 09 27 00 10 
00 0E 00 46 00 4D 00 50 00 33 00 20 00 20 00 00 


14/03/2024 12:01:31 PM:78 SinglePollDataRequest COM3:115200
Pollround: 2

E1 00 00 02 00 01 00 1C 00 00 00 07 00 16 00 21 
00 00 00 00 00 00 00 00 0C 16 00 08 00 00 00 01 
00 2A 00 00 


14/03/2024 12:01:32 PM:564 SinglePollDataResult COM3:115200

E1 00 00 02 00 02 01 02 00 00 00 07 00 FC 00 21 
00 00 00 00 0C 16 00 F2 00 00 00 EA FC 00 FF FF 
FF FF FF FF FF FF 00 01 00 2A 00 00 00 01 00 DA 
00 00 00 01 00 D4 00 50 00 19 00 CE 09 21 00 02 
00 50 09 57 00 02 00 08 0A 1A 00 02 00 00 F0 01 
00 0A 00 09 FB 70 D3 5B 1C 61 65 63 09 62 00 02 
00 01 0A 1E 00 02 00 00 09 5D 00 04 00 02 00 00 
09 5F 00 04 00 02 00 00 09 5C 00 04 00 02 00 00 
F2 D4 00 04 00 02 00 00 09 5A 00 04 00 02 00 00 
F2 E1 00 04 00 02 00 00 F1 29 00 04 00 02 00 00 
F1 2A 00 04 00 02 00 00 09 61 00 02 00 09 09 58 
00 08 00 00 00 00 00 00 00 00 09 D8 00 06 00 7F 
FF FF 09 40 09 DC 00 06 00 7F FF FF 05 11 09 DF 
00 06 00 7F FF FF 06 C3 09 56 00 06 00 7F FF FF 
05 C0 F1 EC 00 02 00 02 09 D9 00 06 00 7F FF FF 
08 E0 F3 8A 00 04 00 00 00 00 F2 E2 00 04 80 75 
20 95 F2 E3 00 04 80 8B 0D 98 


14/03/2024 12:01:33 PM:421 Get Priority List Request COM3:115200

E1 00 00 02 00 01 00 16 00 00 00 03 00 10 00 21 
00 00 00 00 00 00 00 00 00 01 00 02 F2 3A 


14/03/2024 12:01:34 PM:346 Get Priority List Response COM3:115200

E1 00 00 02 00 02 00 20 00 00 00 03 00 1A 00 21 
00 00 00 00 00 01 00 10 F2 3A 00 0C 00 02 00 08 
00 02 F0 D3 00 02 4B B4 


14/03/2024 12:01:35 PM:794 SinglePollDataRequest COM3:115200
Pollround: 3

E1 00 00 02 00 01 00 1C 00 01 00 07 00 16 00 21 
00 00 00 00 00 00 00 00 0C 16 00 08 00 01 00 01 
00 21 00 00 


14/03/2024 12:01:37 PM:700 SinglePollDataResult COM3:115200

E1 00 00 02 00 02 01 C0 00 01 00 07 01 BA 00 21 
00 00 00 00 0C 16 01 B0 00 01 00 EB 9C 00 FF FF 
FF FF FF FF FF FF 00 01 00 21 00 00 00 01 01 98 
00 00 00 01 01 92 00 00 00 13 01 8C 09 46 00 02 
20 00 09 0D 00 02 00 02 09 35 00 02 00 01 09 82 
00 02 00 02 09 0C 00 02 00 00 F1 FA 00 14 00 01 
00 10 00 01 00 0C 00 06 00 00 86 2B 00 06 00 00 
86 2B 09 A7 00 02 00 06 09 84 00 08 00 06 00 09 
FB 70 D3 5B 09 1E 00 24 00 22 00 00 00 00 00 00 
00 00 00 00 00 00 00 00 00 00 00 00 00 00 00 00 
00 00 00 00 00 00 00 00 00 00 00 00 09 87 00 08 
20 24 03 14 12 11 52 00 09 8F 00 04 00 EB 9C 00 
09 86 00 04 00 01 11 4D 09 1D 00 02 01 D6 09 21 
00 02 00 00 09 28 00 12 00 08 50 68 69 6C 69 70 
73 00 00 06 4D 38 30 30 30 00 09 2D 00 8E 00 08 
00 8A 00 01 00 08 00 0A 44 45 38 31 31 30 31 38 
31 33 00 02 00 08 00 0E 4D 32 37 30 35 41 00 00 
00 00 00 00 00 00 00 02 00 58 00 0E 53 2D 4D 32 
37 30 33 2D 31 35 30 31 41 20 00 04 00 58 00 08 
4C 2E 33 33 2E 36 35 20 00 02 00 10 00 0E 53 2D 
4D 32 37 30 33 2D 31 34 30 31 41 20 00 04 00 10 
00 08 4C 2E 33 33 2E 36 35 20 00 02 00 18 00 0E 
53 2D 4D 38 30 30 30 2D 31 33 30 31 41 20 00 04 
00 18 00 08 41 2E 31 36 2E 33 33 00 09 85 00 34 
00 01 00 30 01 02 00 2C 00 05 00 28 00 01 00 21 
00 00 00 01 00 01 00 06 00 00 01 19 00 01 00 09 
00 00 00 4C 00 01 00 2A 00 00 00 01 00 01 00 36 
00 00 00 01 09 48 00 04 00 01 00 00 09 37 00 08 
06 6E 06 6E 00 01 00 0B 


14/03/2024 12:01:37 PM:997 SinglePollDataRequest COM3:115200
Pollround: 3

E1 00 00 02 00 01 00 1C 00 02 00 07 00 16 00 21 
00 00 00 00 00 00 00 00 0C 16 00 08 00 02 00 01 
00 36 00 00 


14/03/2024 12:01:39 PM:723 SinglePollDataResult COM3:115200

E1 00 00 02 00 02 00 A4 00 02 00 07 00 9E 00 21 
00 00 00 00 0C 16 00 94 00 02 00 EB DC 00 FF FF 
FF FF FF FF FF FF 00 01 00 36 00 00 00 01 00 7C 
00 00 00 01 00 76 00 00 00 05 00 70 09 21 00 02 
00 00 09 2F 00 04 00 01 00 36 09 16 00 0A 01 04 
04 03 00 00 00 02 00 02 09 02 00 04 00 00 00 00 
09 04 00 48 00 01 00 44 F1 A6 1A 27 00 02 00 00 
00 02 00 00 85 D3 02 04 00 32 00 00 81 4C 04 05 
00 00 78 00 00 26 00 50 00 61 00 70 00 65 00 72 
00 20 00 45 00 6E 00 64 00 20 00 20 00 20 00 20 
00 20 00 20 00 20 00 20 00 20 00 00 


14/03/2024 12:01:40 PM:525 SinglePollDataRequest COM3:115200
Pollround: 3

E1 00 00 02 00 01 00 1C 00 03 00 07 00 16 00 21 
00 00 00 00 00 00 00 00 0C 16 00 08 00 03 00 01 
00 06 00 00 


14/03/2024 12:01:41 PM:853 SinglePollDataResult COM3:115200

E1 00 00 02 00 02 03 78 00 03 00 07 03 72 00 21 
00 00 00 00 0C 16 03 68 00 03 00 EC 1C 00 FF FF 
FF FF FF FF FF FF 00 01 00 06 00 00 00 01 03 50 
00 00 00 0A 03 4A 84 D3 00 08 00 54 09 21 00 02 
84 D3 09 2F 00 04 00 01 00 06 09 3F 00 0C 00 00 
01 00 00 01 22 80 00 00 00 00 09 24 00 04 81 4C 
54 32 09 27 00 10 00 0E 00 64 00 46 00 48 00 52 
00 31 00 20 00 00 09 17 00 02 03 00 09 11 00 02 
00 0B 09 50 00 0A F0 CF 04 00 0A A0 FE 00 34 58 
85 33 00 08 00 54 09 21 00 02 85 33 09 2F 00 04 
00 01 00 06 09 3F 00 0C 00 00 20 00 00 01 42 28 
00 00 00 00 09 24 00 04 00 02 F0 D4 09 27 00 10 
00 0E 00 54 00 6F 00 63 00 6F 00 20 00 20 00 00 
09 17 00 02 03 00 09 11 00 02 00 02 09 50 00 0A 
F0 D4 04 00 02 00 FF 00 00 BE 86 25 00 09 00 5A 
09 21 00 02 86 25 09 2F 00 04 00 01 00 06 09 3F 
00 0C 00 00 20 00 00 01 42 28 00 00 00 00 09 24 
00 04 00 02 4B B8 09 27 00 10 00 0E 00 53 00 70 
00 4F 20 82 00 20 00 20 00 00 09 17 00 02 03 00 
09 11 00 02 00 06 F0 08 00 02 06 D1 09 50 00 0A 
4B B8 04 00 02 20 FF 00 03 B6 86 2B 00 07 00 4E 
09 21 00 02 86 2B 09 2F 00 04 00 01 00 06 09 3F 
00 0C 00 00 20 00 00 01 42 28 00 00 00 00 09 24 
00 04 00 02 48 22 09 27 00 10 00 0E 00 50 00 75 
00 6C 00 73 00 65 00 20 00 00 09 11 00 02 00 06 
09 50 00 0A 48 22 04 00 0A A0 00 00 00 3C 86 2F 
00 08 00 54 09 21 00 02 86 2F 09 2F 00 04 00 01 
00 06 09 3F 00 0C 00 00 20 00 00 01 42 28 00 00 
00 00 09 24 00 04 00 02 4B B0 09 27 00 10 00 0E 
00 50 00 65 00 72 00 66 00 20 00 20 00 00 09 17 
00 02 02 01 09 11 00 02 00 06 09 50 00 0A 4B B0 
04 00 02 00 FF 00 00 64 86 4A 00 0A 00 82 09 21 
00 02 86 4A 09 2F 00 04 00 01 00 06 09 3F 00 0C 
00 00 20 00 00 01 52 28 01 03 00 00 09 24 00 04 
00 02 4A 04 09 27 00 10 00 0E 00 4E 00 42 00 50 
00 20 00 20 00 20 00 00 09 11 00 02 00 01 09 90 
00 08 20 24 03 14 12 11 10 00 F2 37 00 04 FF FF 
FF FF F9 98 00 04 00 E6 7B 00 09 4B 00 22 00 03 
00 1E 4A 05 04 00 0F 20 00 00 00 78 4A 06 04 00 
0F 20 00 00 00 50 4A 07 04 00 0F 20 00 00 00 5A 
86 78 00 05 00 3A 09 21 00 02 86 78 09 2F 00 04 
00 01 00 06 09 3F 00 0C 00 00 20 00 00 01 42 28 
01 03 00 00 09 24 00 04 00 02 F0 EA 09 27 00 10 
00 0E 00 46 00 4D 00 50 00 20 00 20 00 20 00 00 
86 79 00 05 00 3A 09 21 00 02 86 79 09 2F 00 04 
00 01 00 06 09 3F 00 0C 00 00 20 00 00 01 42 28 
01 03 00 00 09 24 00 04 81 4C 54 13 09 27 00 10 
00 0E 00 46 00 4D 00 50 00 31 00 20 00 20 00 00 
86 7A 00 05 00 3A 09 21 00 02 86 7A 09 2F 00 04 
00 01 00 06 09 3F 00 0C 00 00 20 00 00 01 42 28 
01 03 00 00 09 24 00 04 81 4C 54 15 09 27 00 10 
00 0E 00 46 00 4D 00 50 00 32 00 20 00 20 00 00 
86 7B 00 05 00 3A 09 21 00 02 86 7B 09 2F 00 04 
00 01 00 06 09 3F 00 0C 00 00 20 00 00 01 42 28 
01 03 00 00 09 24 00 04 81 4C 54 17 09 27 00 10 
00 0E 00 46 00 4D 00 50 00 33 00 20 00 20 00 00 


14/03/2024 12:01:42 PM:952 SinglePollDataRequest COM3:115200
Pollround: 3

E1 00 00 02 00 01 00 1C 00 00 00 07 00 16 00 21 
00 00 00 00 00 00 00 00 0C 16 00 08 00 00 00 01 
00 2A 00 00 


14/03/2024 12:01:44 PM:854 SinglePollDataResult COM3:115200

E1 00 00 02 00 02 01 02 00 00 00 07 00 FC 00 21 
00 00 00 00 0C 16 00 F2 00 00 00 EC 7C 00 FF FF 
FF FF FF FF FF FF 00 01 00 2A 00 00 00 01 00 DA 
00 00 00 01 00 D4 00 50 00 19 00 CE 09 21 00 02 
00 50 09 57 00 02 00 08 0A 1A 00 02 00 00 F0 01 
00 0A 00 09 FB 70 D3 5B 1C 61 65 63 09 62 00 02 
00 01 0A 1E 00 02 00 00 09 5D 00 04 00 02 00 00 
09 5F 00 04 00 02 00 00 09 5C 00 04 00 02 00 00 
F2 D4 00 04 00 02 00 00 09 5A 00 04 00 02 00 00 
F2 E1 00 04 00 02 00 00 F1 29 00 04 00 02 00 00 
F1 2A 00 04 00 02 00 00 09 61 00 02 00 09 09 58 
00 08 00 00 00 00 00 00 00 00 09 D8 00 06 00 7F 
FF FF 09 40 09 DC 00 06 00 7F FF FF 05 11 09 DF 
00 06 00 7F FF FF 06 C3 09 56 00 06 00 7F FF FF 
05 C0 F1 EC 00 02 00 02 09 D9 00 06 00 7F FF FF 
08 E0 F3 8A 00 04 00 00 00 00 F2 E2 00 04 80 75 
20 95 F2 E3 00 04 80 8B 0D 98 


14/03/2024 12:01:45 PM:496 Get Priority List Request COM3:115200

E1 00 00 02 00 01 00 16 00 00 00 03 00 10 00 21 
00 00 00 00 00 00 00 00 00 01 00 02 F2 3A 


14/03/2024 12:01:46 PM:633 Get Priority List Response COM3:115200

E1 00 00 02 00 02 00 20 00 00 00 03 00 1A 00 21 
00 00 00 00 00 01 00 10 F2 3A 00 0C 00 02 00 08 
00 02 F0 D3 00 02 4B B4 


14/03/2024 12:01:48 PM:73 SinglePollDataRequest COM3:115200
Pollround: 4

E1 00 00 02 00 01 00 1C 00 01 00 07 00 16 00 21 
00 00 00 00 00 00 00 00 0C 16 00 08 00 01 00 01 
00 21 00 00 


14/03/2024 12:01:50 PM:1 SinglePollDataResult COM3:115200

E1 00 00 02 00 02 01 C0 00 01 00 07 01 BA 00 21 
00 00 00 00 0C 16 01 B0 00 01 00 ED 1C 00 FF FF 
FF FF FF FF FF FF 00 01 00 21 00 00 00 01 01 98 
00 00 00 01 01 92 00 00 00 13 01 8C 09 46 00 02 
20 00 09 0D 00 02 00 02 09 35 00 02 00 01 09 82 
00 02 00 02 09 0C 00 02 00 00 F1 FA 00 14 00 01 
00 10 00 01 00 0C 00 06 00 00 86 2B 00 06 00 00 
86 2B 09 A7 00 02 00 06 09 84 00 08 00 06 00 09 
FB 70 D3 5B 09 1E 00 24 00 22 00 00 00 00 00 00 
00 00 00 00 00 00 00 00 00 00 00 00 00 00 00 00 
00 00 00 00 00 00 00 00 00 00 00 00 09 87 00 08 
20 24 03 14 12 12 05 00 09 8F 00 04 00 ED 1C 00 
09 86 00 04 00 01 11 4D 09 1D 00 02 01 D6 09 21 
00 02 00 00 09 28 00 12 00 08 50 68 69 6C 69 70 
73 00 00 06 4D 38 30 30 30 00 09 2D 00 8E 00 08 
00 8A 00 01 00 08 00 0A 44 45 38 31 31 30 31 38 
31 33 00 02 00 08 00 0E 4D 32 37 30 35 41 00 00 
00 00 00 00 00 00 00 02 00 58 00 0E 53 2D 4D 32 
37 30 33 2D 31 35 30 31 41 20 00 04 00 58 00 08 
4C 2E 33 33 2E 36 35 20 00 02 00 10 00 0E 53 2D 
4D 32 37 30 33 2D 31 34 30 31 41 20 00 04 00 10 
00 08 4C 2E 33 33 2E 36 35 20 00 02 00 18 00 0E 
53 2D 4D 38 30 30 30 2D 31 33 30 31 41 20 00 04 
00 18 00 08 41 2E 31 36 2E 33 33 00 09 85 00 34 
00 01 00 30 01 02 00 2C 00 05 00 28 00 01 00 21 
00 00 00 01 00 01 00 06 00 00 01 19 00 01 00 09 
00 00 00 4C 00 01 00 2A 00 00 00 01 00 01 00 36 
00 00 00 01 09 48 00 04 00 01 00 00 09 37 00 08 
06 6E 06 6E 00 01 00 0B 


14/03/2024 12:01:50 PM:266 SinglePollDataRequest COM3:115200
Pollround: 4

E1 00 00 02 00 01 00 1C 00 02 00 07 00 16 00 21 
00 00 00 00 00 00 00 00 0C 16 00 08 00 02 00 01 
00 36 00 00 


14/03/2024 12:01:52 PM:18 SinglePollDataResult COM3:115200

E1 00 00 02 00 02 00 A4 00 02 00 07 00 9E 00 21 
00 00 00 00 0C 16 00 94 00 02 00 ED 5C 00 FF FF 
FF FF FF FF FF FF 00 01 00 36 00 00 00 01 00 7C 
00 00 00 01 00 76 00 00 00 05 00 70 09 21 00 02 
00 00 09 2F 00 04 00 01 00 36 09 16 00 0A 01 04 
04 03 00 00 00 02 00 02 09 02 00 04 00 00 00 00 
09 04 00 48 00 01 00 44 F1 A6 1A 27 00 02 00 00 
00 02 00 00 85 D3 02 04 00 32 00 00 81 4C 04 05 
00 00 78 00 00 26 00 50 00 61 00 70 00 65 00 72 
00 20 00 45 00 6E 00 64 00 20 00 20 00 20 00 20 
00 20 00 20 00 20 00 20 00 20 00 00 


14/03/2024 12:01:52 PM:827 SinglePollDataRequest COM3:115200
Pollround: 4

E1 00 00 02 00 01 00 1C 00 03 00 07 00 16 00 21 
00 00 00 00 00 00 00 00 0C 16 00 08 00 03 00 01 
00 06 00 00 


14/03/2024 12:01:54 PM:136 SinglePollDataResult COM3:115200

E1 00 00 02 00 02 03 78 00 03 00 07 03 72 00 21 
00 00 00 00 0C 16 03 68 00 03 00 ED 9C 00 FF FF 
FF FF FF FF FF FF 00 01 00 06 00 00 00 01 03 50 
00 00 00 0A 03 4A 84 D3 00 08 00 54 09 21 00 02 
84 D3 09 2F 00 04 00 01 00 06 09 3F 00 0C 00 00 
01 00 00 01 22 80 00 00 00 00 09 24 00 04 81 4C 
54 32 09 27 00 10 00 0E 00 64 00 46 00 48 00 52 
00 31 00 20 00 00 09 17 00 02 03 00 09 11 00 02 
00 0B 09 50 00 0A F0 CF 04 00 0A A0 FE 00 36 FB 
85 33 00 08 00 54 09 21 00 02 85 33 09 2F 00 04 
00 01 00 06 09 3F 00 0C 00 00 20 00 00 01 42 28 
00 00 00 00 09 24 00 04 00 02 F0 D4 09 27 00 10 
00 0E 00 54 00 6F 00 63 00 6F 00 20 00 20 00 00 
09 17 00 02 03 00 09 11 00 02 00 02 09 50 00 0A 
F0 D4 04 00 02 00 FF 00 00 BD 86 25 00 09 00 5A 
09 21 00 02 86 25 09 2F 00 04 00 01 00 06 09 3F 
00 0C 00 00 20 00 00 01 42 28 00 00 00 00 09 24 
00 04 00 02 4B B8 09 27 00 10 00 0E 00 53 00 70 
00 4F 20 82 00 20 00 20 00 00 09 17 00 02 03 00 
09 11 00 02 00 06 F0 08 00 02 06 D1 09 50 00 0A 
4B B8 04 00 02 20 FF 00 03 B6 86 2B 00 07 00 4E 
09 21 00 02 86 2B 09 2F 00 04 00 01 00 06 09 3F 
00 0C 00 00 20 00 00 01 42 28 00 00 00 00 09 24 
00 04 00 02 48 22 09 27 00 10 00 0E 00 50 00 75 
00 6C 00 73 00 65 00 20 00 00 09 11 00 02 00 06 
09 50 00 0A 48 22 04 00 0A A0 00 00 00 3C 86 2F 
00 08 00 54 09 21 00 02 86 2F 09 2F 00 04 00 01 
00 06 09 3F 00 0C 00 00 20 00 00 01 42 28 00 00 
00 00 09 24 00 04 00 02 4B B0 09 27 00 10 00 0E 
00 50 00 65 00 72 00 66 00 20 00 20 00 00 09 17 
00 02 02 01 09 11 00 02 00 06 09 50 00 0A 4B B0 
04 00 02 00 FF 00 00 64 86 4A 00 0A 00 82 09 21 
00 02 86 4A 09 2F 00 04 00 01 00 06 09 3F 00 0C 
00 00 20 00 00 01 52 28 01 03 00 00 09 24 00 04 
00 02 4A 04 09 27 00 10 00 0E 00 4E 00 42 00 50 
00 20 00 20 00 20 00 00 09 11 00 02 00 01 09 90 
00 08 20 24 03 14 12 11 10 00 F2 37 00 04 FF FF 
FF FF F9 98 00 04 00 E6 7B 00 09 4B 00 22 00 03 
00 1E 4A 05 04 00 0F 20 00 00 00 78 4A 06 04 00 
0F 20 00 00 00 50 4A 07 04 00 0F 20 00 00 00 5A 
86 78 00 05 00 3A 09 21 00 02 86 78 09 2F 00 04 
00 01 00 06 09 3F 00 0C 00 00 20 00 00 01 42 28 
01 03 00 00 09 24 00 04 00 02 F0 EA 09 27 00 10 
00 0E 00 46 00 4D 00 50 00 20 00 20 00 20 00 00 
86 79 00 05 00 3A 09 21 00 02 86 79 09 2F 00 04 
00 01 00 06 09 3F 00 0C 00 00 20 00 00 01 42 28 
01 03 00 00 09 24 00 04 81 4C 54 13 09 27 00 10 
00 0E 00 46 00 4D 00 50 00 31 00 20 00 20 00 00 
86 7A 00 05 00 3A 09 21 00 02 86 7A 09 2F 00 04 
00 01 00 06 09 3F 00 0C 00 00 20 00 00 01 42 28 
01 03 00 00 09 24 00 04 81 4C 54 15 09 27 00 10 
00 0E 00 46 00 4D 00 50 00 32 00 20 00 20 00 00 
86 7B 00 05 00 3A 09 21 00 02 86 7B 09 2F 00 04 
00 01 00 06 09 3F 00 0C 00 00 20 00 00 01 42 28 
01 03 00 00 09 24 00 04 81 4C 54 17 09 27 00 10 
00 0E 00 46 00 4D 00 50 00 33 00 20 00 20 00 00 


14/03/2024 12:01:55 PM:245 SinglePollDataRequest COM3:115200
Pollround: 4

E1 00 00 02 00 01 00 1C 00 00 00 07 00 16 00 21 
00 00 00 00 00 00 00 00 0C 16 00 08 00 00 00 01 
00 2A 00 00 


14/03/2024 12:01:57 PM:146 SinglePollDataResult COM3:115200

E1 00 00 02 00 02 01 02 00 00 00 07 00 FC 00 21 
00 00 00 00 0C 16 00 F2 00 00 00 ED FC 00 FF FF 
FF FF FF FF FF FF 00 01 00 2A 00 00 00 01 00 DA 
00 00 00 01 00 D4 00 50 00 19 00 CE 09 21 00 02 
00 50 09 57 00 02 00 08 0A 1A 00 02 00 00 F0 01 
00 0A 00 09 FB 70 D3 5B 1C 61 65 63 09 62 00 02 
00 01 0A 1E 00 02 00 00 09 5D 00 04 00 02 00 00 
09 5F 00 04 00 02 00 00 09 5C 00 04 00 02 00 00 
F2 D4 00 04 00 02 00 00 09 5A 00 04 00 02 00 00 
F2 E1 00 04 00 02 00 00 F1 29 00 04 00 02 00 00 
F1 2A 00 04 00 02 00 00 09 61 00 02 00 09 09 58 
00 08 00 00 00 00 00 00 00 00 09 D8 00 06 00 7F 
FF FF 09 40 09 DC 00 06 00 7F FF FF 05 11 09 DF 
00 06 00 7F FF FF 06 C3 09 56 00 06 00 7F FF FF 
05 C0 F1 EC 00 02 00 02 09 D9 00 06 00 7F FF FF 
08 E0 F3 8A 00 04 00 00 00 00 F2 E2 00 04 80 75 
20 95 F2 E3 00 04 80 8B 0D 98 


14/03/2024 12:01:57 PM:768 Get Priority List Request COM3:115200

E1 00 00 02 00 01 00 16 00 00 00 03 00 10 00 21 
00 00 00 00 00 00 00 00 00 01 00 02 F2 3A 


14/03/2024 12:01:58 PM:534 Get Priority List Response COM3:115200

E1 00 00 02 00 02 00 20 00 00 00 03 00 1A 00 21 
00 00 00 00 00 01 00 10 F2 3A 00 0C 00 02 00 08 
00 02 F0 D3 00 02 4B B4 


14/03/2024 12:01:59 PM:962 SinglePollDataRequest COM3:115200
Pollround: 5

E1 00 00 02 00 01 00 1C 00 01 00 07 00 16 00 21 
00 00 00 00 00 00 00 00 0C 16 00 08 00 01 00 01 
00 21 00 00 


14/03/2024 12:02:01 PM:258 SinglePollDataResult COM3:115200

E1 00 00 02 00 02 01 C0 00 01 00 07 01 BA 00 21 
00 00 00 00 0C 16 01 B0 00 01 00 EE 7C 00 FF FF 
FF FF FF FF FF FF 00 01 00 21 00 00 00 01 01 98 
00 00 00 01 01 92 00 00 00 13 01 8C 09 46 00 02 
20 00 09 0D 00 02 00 02 09 35 00 02 00 01 09 82 
00 02 00 02 09 0C 00 02 00 00 F1 FA 00 14 00 01 
00 10 00 01 00 0C 00 06 00 00 86 2B 00 06 00 00 
86 2B 09 A7 00 02 00 06 09 84 00 08 00 06 00 09 
FB 70 D3 5B 09 1E 00 24 00 22 00 00 00 00 00 00 
00 00 00 00 00 00 00 00 00 00 00 00 00 00 00 00 
00 00 00 00 00 00 00 00 00 00 00 00 09 87 00 08 
20 24 03 14 12 12 16 00 09 8F 00 04 00 EE 7C 00 
09 86 00 04 00 01 11 4D 09 1D 00 02 01 D6 09 21 
00 02 00 00 09 28 00 12 00 08 50 68 69 6C 69 70 
73 00 00 06 4D 38 30 30 30 00 09 2D 00 8E 00 08 
00 8A 00 01 00 08 00 0A 44 45 38 31 31 30 31 38 
31 33 00 02 00 08 00 0E 4D 32 37 30 35 41 00 00 
00 00 00 00 00 00 00 02 00 58 00 0E 53 2D 4D 32 
37 30 33 2D 31 35 30 31 41 20 00 04 00 58 00 08 
4C 2E 33 33 2E 36 35 20 00 02 00 10 00 0E 53 2D 
4D 32 37 30 33 2D 31 34 30 31 41 20 00 04 00 10 
00 08 4C 2E 33 33 2E 36 35 20 00 02 00 18 00 0E 
53 2D 4D 38 30 30 30 2D 31 33 30 31 41 20 00 04 
00 18 00 08 41 2E 31 36 2E 33 33 00 09 85 00 34 
00 01 00 30 01 02 00 2C 00 05 00 28 00 01 00 21 
00 00 00 01 00 01 00 06 00 00 01 19 00 01 00 09 
00 00 00 4C 00 01 00 2A 00 00 00 01 00 01 00 36 
00 00 00 01 09 48 00 04 00 01 00 00 09 37 00 08 
06 6E 06 6E 00 01 00 0B 


14/03/2024 12:02:02 PM:177 SinglePollDataRequest COM3:115200
Pollround: 5

E1 00 00 02 00 01 00 1C 00 02 00 07 00 16 00 21 
00 00 00 00 00 00 00 00 0C 16 00 08 00 02 00 01 
00 36 00 00 


14/03/2024 12:02:03 PM:288 SinglePollDataResult COM3:115200

E1 00 00 02 00 02 00 A4 00 02 00 07 00 9E 00 21 
00 00 00 00 0C 16 00 94 00 02 00 EE BC 00 FF FF 
FF FF FF FF FF FF 00 01 00 36 00 00 00 01 00 7C 
00 00 00 01 00 76 00 00 00 05 00 70 09 21 00 02 
00 00 09 2F 00 04 00 01 00 36 09 16 00 0A 01 04 
04 03 00 00 00 02 00 02 09 02 00 04 00 00 00 00 
09 04 00 48 00 01 00 44 F1 A6 1A 27 00 02 00 00 
00 02 00 00 85 D3 02 04 00 32 00 00 81 4C 04 05 
00 00 78 00 00 26 00 50 00 61 00 70 00 65 00 72 
00 20 00 45 00 6E 00 64 00 20 00 20 00 20 00 20 
00 20 00 20 00 20 00 20 00 20 00 00 


14/03/2024 12:02:04 PM:480 SinglePollDataRequest COM3:115200
Pollround: 5

E1 00 00 02 00 01 00 1C 00 03 00 07 00 16 00 21 
00 00 00 00 00 00 00 00 0C 16 00 08 00 03 00 01 
00 06 00 00 


14/03/2024 12:02:06 PM:414 SinglePollDataResult COM3:115200

E1 00 00 02 00 02 03 78 00 03 00 07 03 72 00 21 
00 00 00 00 0C 16 03 68 00 03 00 EF 1C 00 FF FF 
FF FF FF FF FF FF 00 01 00 06 00 00 00 01 03 50 
00 00 00 0A 03 4A 84 D3 00 08 00 54 09 21 00 02 
84 D3 09 2F 00 04 00 01 00 06 09 3F 00 0C 00 00 
01 00 00 01 22 80 00 00 00 00 09 24 00 04 81 4C 
54 32 09 27 00 10 00 0E 00 64 00 46 00 48 00 52 
00 31 00 20 00 00 09 17 00 02 03 00 09 11 00 02 
00 0B 09 50 00 0A F0 CF 04 00 0A A0 FE 00 35 B6 
85 33 00 08 00 54 09 21 00 02 85 33 09 2F 00 04 
00 01 00 06 09 3F 00 0C 00 00 20 00 00 01 42 28 
00 00 00 00 09 24 00 04 00 02 F0 D4 09 27 00 10 
00 0E 00 54 00 6F 00 63 00 6F 00 20 00 20 00 00 
09 17 00 02 03 00 09 11 00 02 00 02 09 50 00 0A 
F0 D4 04 00 02 00 FF 00 00 B6 86 25 00 09 00 5A 
09 21 00 02 86 25 09 2F 00 04 00 01 00 06 09 3F 
00 0C 00 00 20 00 00 01 42 28 00 00 00 00 09 24 
00 04 00 02 4B B8 09 27 00 10 00 0E 00 53 00 70 
00 4F 20 82 00 20 00 20 00 00 09 17 00 02 03 00 
09 11 00 02 00 06 F0 08 00 02 06 D1 09 50 00 0A 
4B B8 04 00 02 20 FF 00 03 B6 86 2B 00 07 00 4E 
09 21 00 02 86 2B 09 2F 00 04 00 01 00 06 09 3F 
00 0C 00 00 20 00 00 01 42 28 00 00 00 00 09 24 
00 04 00 02 48 22 09 27 00 10 00 0E 00 50 00 75 
00 6C 00 73 00 65 00 20 00 00 09 11 00 02 00 06 
09 50 00 0A 48 22 04 00 0A A0 00 00 00 3C 86 2F 
00 08 00 54 09 21 00 02 86 2F 09 2F 00 04 00 01 
00 06 09 3F 00 0C 00 00 20 00 00 01 42 28 00 00 
00 00 09 24 00 04 00 02 4B B0 09 27 00 10 00 0E 
00 50 00 65 00 72 00 66 00 20 00 20 00 00 09 17 
00 02 02 01 09 11 00 02 00 06 09 50 00 0A 4B B0 
04 00 02 00 FF 00 00 64 86 4A 00 0A 00 82 09 21 
00 02 86 4A 09 2F 00 04 00 01 00 06 09 3F 00 0C 
00 00 20 00 00 01 52 28 01 03 00 00 09 24 00 04 
00 02 4A 04 09 27 00 10 00 0E 00 4E 00 42 00 50 
00 20 00 20 00 20 00 00 09 11 00 02 00 01 09 90 
00 08 20 24 03 14 12 11 10 00 F2 37 00 04 FF FF 
FF FF F9 98 00 04 00 E6 7B 00 09 4B 00 22 00 03 
00 1E 4A 05 04 00 0F 20 00 00 00 78 4A 06 04 00 
0F 20 00 00 00 50 4A 07 04 00 0F 20 00 00 00 5A 
86 78 00 05 00 3A 09 21 00 02 86 78 09 2F 00 04 
00 01 00 06 09 3F 00 0C 00 00 20 00 00 01 42 28 
01 03 00 00 09 24 00 04 00 02 F0 EA 09 27 00 10 
00 0E 00 46 00 4D 00 50 00 20 00 20 00 20 00 00 
86 79 00 05 00 3A 09 21 00 02 86 79 09 2F 00 04 
00 01 00 06 09 3F 00 0C 00 00 20 00 00 01 42 28 
01 03 00 00 09 24 00 04 81 4C 54 13 09 27 00 10 
00 0E 00 46 00 4D 00 50 00 31 00 20 00 20 00 00 
86 7A 00 05 00 3A 09 21 00 02 86 7A 09 2F 00 04 
00 01 00 06 09 3F 00 0C 00 00 20 00 00 01 42 28 
01 03 00 00 09 24 00 04 81 4C 54 15 09 27 00 10 
00 0E 00 46 00 4D 00 50 00 32 00 20 00 20 00 00 
86 7B 00 05 00 3A 09 21 00 02 86 7B 09 2F 00 04 
00 01 00 06 09 3F 00 0C 00 00 20 00 00 01 42 28 
01 03 00 00 09 24 00 04 81 4C 54 17 09 27 00 10 
00 0E 00 46 00 4D 00 50 00 33 00 20 00 20 00 00 


14/03/2024 12:02:06 PM:925 SinglePollDataRequest COM3:115200
Pollround: 5

E1 00 00 02 00 01 00 1C 00 00 00 07 00 16 00 21 
00 00 00 00 00 00 00 00 0C 16 00 08 00 00 00 01 
00 2A 00 00 


14/03/2024 12:02:08 PM:414 SinglePollDataResult COM3:115200

E1 00 00 02 00 02 01 02 00 00 00 07 00 FC 00 21 
00 00 00 00 0C 16 00 F2 00 00 00 EF 5C 00 FF FF 
FF FF FF FF FF FF 00 01 00 2A 00 00 00 01 00 DA 
00 00 00 01 00 D4 00 50 00 19 00 CE 09 21 00 02 
00 50 09 57 00 02 00 08 0A 1A 00 02 00 00 F0 01 
00 0A 00 09 FB 70 D3 5B 1C 61 65 63 09 62 00 02 
00 01 0A 1E 00 02 00 00 09 5D 00 04 00 02 00 00 
09 5F 00 04 00 02 00 00 09 5C 00 04 00 02 00 00 
F2 D4 00 04 00 02 00 00 09 5A 00 04 00 02 00 00 
F2 E1 00 04 00 02 00 00 F1 29 00 04 00 02 00 00 
F1 2A 00 04 00 02 00 00 09 61 00 02 00 09 09 58 
00 08 00 00 00 00 00 00 00 00 09 D8 00 06 00 7F 
FF FF 09 40 09 DC 00 06 00 7F FF FF 05 11 09 DF 
00 06 00 7F FF FF 06 C3 09 56 00 06 00 7F FF FF 
05 C0 F1 EC 00 02 00 02 09 D9 00 06 00 7F FF FF 
08 E0 F3 8A 00 04 00 00 00 00 F2 E2 00 04 80 75 
20 95 F2 E3 00 04 80 8B 0D 98 


14/03/2024 12:02:09 PM:227 Get Priority List Request COM3:115200

E1 00 00 02 00 01 00 16 00 00 00 03 00 10 00 21 
00 00 00 00 00 00 00 00 00 01 00 02 F2 3A 


